20	1	1	1
1	20	1	1
20	2	1	1
2	20	1	1
20	3	1	1
3	20	1	1
20	4	1	1
4	20	1	1
20	5	1	1
5	20	1	1
20	6	1	1
6	20	1	1
20	7	1	1
7	20	1	1
20	8	1	1
8	20	1	1
20	9	1	1
9	20	1	1
20	10	1	1
10	20	1	1
20	11	1	1
11	20	1	1
20	12	1	1
12	20	1	1
20	13	1	1
13	20	1	1
20	14	1	1
14	20	1	1
20	15	1	1
15	20	1	1
20	16	1	1
16	20	1	1
20	17	1	1
17	20	1	1
20	18	1	1
18	20	1	1
20	19	1	1
19	20	1	1
21	22	1	1
22	21	1	1
21	23	1	1
23	21	1	1
21	24	1	1
24	21	1	1
21	25	1	1
25	21	1	1
21	26	1	1
26	21	1	1
21	27	1	1
27	21	1	1
21	28	1	1
28	21	1	1
21	29	1	1
29	21	1	1
21	30	1	1
30	21	1	1
21	31	1	1
31	21	1	1
21	32	1	1
32	21	1	1
21	33	1	1
33	21	1	1
21	34	1	1
34	21	1	1
21	35	1	1
35	21	1	1
21	36	1	1
36	21	1	1
21	37	1	1
37	21	1	1
21	38	1	1
38	21	1	1
21	39	1	1
39	21	1	1
21	40	1	1
40	21	1	1
22	23	1	1
23	22	1	1
22	24	1	1
24	22	1	1
22	25	1	1
25	22	1	1
22	26	1	1
26	22	1	1
22	27	1	1
27	22	1	1
22	28	1	1
28	22	1	1
22	29	1	1
29	22	1	1
22	30	1	1
30	22	1	1
22	31	1	1
31	22	1	1
22	32	1	1
32	22	1	1
22	33	1	1
33	22	1	1
22	34	1	1
34	22	1	1
22	35	1	1
35	22	1	1
22	36	1	1
36	22	1	1
22	37	1	1
37	22	1	1
22	38	1	1
38	22	1	1
22	39	1	1
39	22	1	1
22	40	1	1
40	22	1	1
23	24	1	1
24	23	1	1
23	25	1	1
25	23	1	1
23	26	1	1
26	23	1	1
23	27	1	1
27	23	1	1
23	28	1	1
28	23	1	1
23	29	1	1
29	23	1	1
23	30	1	1
30	23	1	1
23	31	1	1
31	23	1	1
23	32	1	1
32	23	1	1
23	33	1	1
33	23	1	1
23	34	1	1
34	23	1	1
23	35	1	1
35	23	1	1
23	36	1	1
36	23	1	1
23	37	1	1
37	23	1	1
23	38	1	1
38	23	1	1
23	39	1	1
39	23	1	1
23	40	1	1
40	23	1	1
24	25	1	1
25	24	1	1
24	26	1	1
26	24	1	1
24	27	1	1
27	24	1	1
24	28	1	1
28	24	1	1
24	29	1	1
29	24	1	1
24	30	1	1
30	24	1	1
24	31	1	1
31	24	1	1
24	32	1	1
32	24	1	1
24	33	1	1
33	24	1	1
24	34	1	1
34	24	1	1
24	35	1	1
35	24	1	1
24	36	1	1
36	24	1	1
24	37	1	1
37	24	1	1
24	38	1	1
38	24	1	1
24	39	1	1
39	24	1	1
24	40	1	1
40	24	1	1
25	26	1	1
26	25	1	1
25	27	1	1
27	25	1	1
25	28	1	1
28	25	1	1
25	29	1	1
29	25	1	1
25	30	1	1
30	25	1	1
25	31	1	1
31	25	1	1
25	32	1	1
32	25	1	1
25	33	1	1
33	25	1	1
25	34	1	1
34	25	1	1
25	35	1	1
35	25	1	1
25	36	1	1
36	25	1	1
25	37	1	1
37	25	1	1
25	38	1	1
38	25	1	1
25	39	1	1
39	25	1	1
25	40	1	1
40	25	1	1
26	27	1	1
27	26	1	1
26	28	1	1
28	26	1	1
26	29	1	1
29	26	1	1
26	30	1	1
30	26	1	1
26	31	1	1
31	26	1	1
26	32	1	1
32	26	1	1
26	33	1	1
33	26	1	1
26	34	1	1
34	26	1	1
26	35	1	1
35	26	1	1
26	36	1	1
36	26	1	1
26	37	1	1
37	26	1	1
26	38	1	1
38	26	1	1
26	39	1	1
39	26	1	1
26	40	1	1
40	26	1	1
27	28	1	1
28	27	1	1
27	29	1	1
29	27	1	1
27	30	1	1
30	27	1	1
27	31	1	1
31	27	1	1
27	32	1	1
32	27	1	1
27	33	1	1
33	27	1	1
27	34	1	1
34	27	1	1
27	35	1	1
35	27	1	1
27	36	1	1
36	27	1	1
27	37	1	1
37	27	1	1
27	38	1	1
38	27	1	1
27	39	1	1
39	27	1	1
27	40	1	1
40	27	1	1
28	29	1	1
29	28	1	1
28	30	1	1
30	28	1	1
28	31	1	1
31	28	1	1
28	32	1	1
32	28	1	1
28	33	1	1
33	28	1	1
28	34	1	1
34	28	1	1
28	35	1	1
35	28	1	1
28	36	1	1
36	28	1	1
28	37	1	1
37	28	1	1
28	38	1	1
38	28	1	1
28	39	1	1
39	28	1	1
28	40	1	1
40	28	1	1
29	30	1	1
30	29	1	1
29	31	1	1
31	29	1	1
29	32	1	1
32	29	1	1
29	33	1	1
33	29	1	1
29	34	1	1
34	29	1	1
29	35	1	1
35	29	1	1
29	36	1	1
36	29	1	1
29	37	1	1
37	29	1	1
29	38	1	1
38	29	1	1
29	39	1	1
39	29	1	1
29	40	1	1
40	29	1	1
30	31	1	1
31	30	1	1
30	32	1	1
32	30	1	1
30	33	1	1
33	30	1	1
30	34	1	1
34	30	1	1
30	35	1	1
35	30	1	1
30	36	1	1
36	30	1	1
30	37	1	1
37	30	1	1
30	38	1	1
38	30	1	1
30	39	1	1
39	30	1	1
30	40	1	1
40	30	1	1
31	32	1	1
32	31	1	1
31	33	1	1
33	31	1	1
31	34	1	1
34	31	1	1
31	35	1	1
35	31	1	1
31	36	1	1
36	31	1	1
31	37	1	1
37	31	1	1
31	38	1	1
38	31	1	1
31	39	1	1
39	31	1	1
31	40	1	1
40	31	1	1
32	33	1	1
33	32	1	1
32	34	1	1
34	32	1	1
32	35	1	1
35	32	1	1
32	36	1	1
36	32	1	1
32	37	1	1
37	32	1	1
32	38	1	1
38	32	1	1
32	39	1	1
39	32	1	1
32	40	1	1
40	32	1	1
33	34	1	1
34	33	1	1
33	35	1	1
35	33	1	1
33	36	1	1
36	33	1	1
33	37	1	1
37	33	1	1
33	38	1	1
38	33	1	1
33	39	1	1
39	33	1	1
33	40	1	1
40	33	1	1
34	35	1	1
35	34	1	1
34	36	1	1
36	34	1	1
34	37	1	1
37	34	1	1
34	38	1	1
38	34	1	1
34	39	1	1
39	34	1	1
34	40	1	1
40	34	1	1
35	36	1	1
36	35	1	1
35	37	1	1
37	35	1	1
35	38	1	1
38	35	1	1
35	39	1	1
39	35	1	1
35	40	1	1
40	35	1	1
36	37	1	1
37	36	1	1
36	38	1	1
38	36	1	1
36	39	1	1
39	36	1	1
36	40	1	1
40	36	1	1
37	38	1	1
38	37	1	1
37	39	1	1
39	37	1	1
37	40	1	1
40	37	1	1
38	39	1	1
39	38	1	1
38	40	1	1
40	38	1	1
39	40	1	1
40	39	1	1
20	40	1	1
40	20	1	1
1	2	1	2
2	1	1	2
1	3	1	2
3	1	1	2
1	4	1	2
4	1	1	2
1	5	1	2
5	1	1	2
1	6	1	2
6	1	1	2
1	7	1	2
7	1	1	2
1	8	1	2
8	1	1	2
1	9	1	2
9	1	1	2
1	10	1	2
10	1	1	2
1	11	1	2
11	1	1	2
1	12	1	2
12	1	1	2
1	13	1	2
13	1	1	2
1	14	1	2
14	1	1	2
1	15	1	2
15	1	1	2
1	16	1	2
16	1	1	2
1	17	1	2
17	1	1	2
1	18	1	2
18	1	1	2
1	19	1	2
19	1	1	2
1	20	1	2
20	1	1	2
2	3	1	2
3	2	1	2
2	4	1	2
4	2	1	2
2	5	1	2
5	2	1	2
2	6	1	2
6	2	1	2
2	7	1	2
7	2	1	2
2	8	1	2
8	2	1	2
2	9	1	2
9	2	1	2
2	10	1	2
10	2	1	2
2	11	1	2
11	2	1	2
2	12	1	2
12	2	1	2
2	13	1	2
13	2	1	2
2	14	1	2
14	2	1	2
2	15	1	2
15	2	1	2
2	16	1	2
16	2	1	2
2	17	1	2
17	2	1	2
2	18	1	2
18	2	1	2
2	19	1	2
19	2	1	2
2	20	1	2
20	2	1	2
3	4	1	2
4	3	1	2
3	5	1	2
5	3	1	2
3	6	1	2
6	3	1	2
3	7	1	2
7	3	1	2
3	8	1	2
8	3	1	2
3	9	1	2
9	3	1	2
3	10	1	2
10	3	1	2
3	11	1	2
11	3	1	2
3	12	1	2
12	3	1	2
3	13	1	2
13	3	1	2
3	14	1	2
14	3	1	2
3	15	1	2
15	3	1	2
3	16	1	2
16	3	1	2
3	17	1	2
17	3	1	2
3	18	1	2
18	3	1	2
3	19	1	2
19	3	1	2
3	20	1	2
20	3	1	2
4	5	1	2
5	4	1	2
4	6	1	2
6	4	1	2
4	7	1	2
7	4	1	2
4	8	1	2
8	4	1	2
4	9	1	2
9	4	1	2
4	10	1	2
10	4	1	2
4	11	1	2
11	4	1	2
4	12	1	2
12	4	1	2
4	13	1	2
13	4	1	2
4	14	1	2
14	4	1	2
4	15	1	2
15	4	1	2
4	16	1	2
16	4	1	2
4	17	1	2
17	4	1	2
4	18	1	2
18	4	1	2
4	19	1	2
19	4	1	2
4	20	1	2
20	4	1	2
5	6	1	2
6	5	1	2
5	7	1	2
7	5	1	2
5	8	1	2
8	5	1	2
5	9	1	2
9	5	1	2
5	10	1	2
10	5	1	2
5	11	1	2
11	5	1	2
5	12	1	2
12	5	1	2
5	13	1	2
13	5	1	2
5	14	1	2
14	5	1	2
5	15	1	2
15	5	1	2
5	16	1	2
16	5	1	2
5	17	1	2
17	5	1	2
5	18	1	2
18	5	1	2
5	19	1	2
19	5	1	2
5	20	1	2
20	5	1	2
6	7	1	2
7	6	1	2
6	8	1	2
8	6	1	2
6	9	1	2
9	6	1	2
6	10	1	2
10	6	1	2
6	11	1	2
11	6	1	2
6	12	1	2
12	6	1	2
6	13	1	2
13	6	1	2
6	14	1	2
14	6	1	2
6	15	1	2
15	6	1	2
6	16	1	2
16	6	1	2
6	17	1	2
17	6	1	2
6	18	1	2
18	6	1	2
6	19	1	2
19	6	1	2
6	20	1	2
20	6	1	2
7	8	1	2
8	7	1	2
7	9	1	2
9	7	1	2
7	10	1	2
10	7	1	2
7	11	1	2
11	7	1	2
7	12	1	2
12	7	1	2
7	13	1	2
13	7	1	2
7	14	1	2
14	7	1	2
7	15	1	2
15	7	1	2
7	16	1	2
16	7	1	2
7	17	1	2
17	7	1	2
7	18	1	2
18	7	1	2
7	19	1	2
19	7	1	2
7	20	1	2
20	7	1	2
8	9	1	2
9	8	1	2
8	10	1	2
10	8	1	2
8	11	1	2
11	8	1	2
8	12	1	2
12	8	1	2
8	13	1	2
13	8	1	2
8	14	1	2
14	8	1	2
8	15	1	2
15	8	1	2
8	16	1	2
16	8	1	2
8	17	1	2
17	8	1	2
8	18	1	2
18	8	1	2
8	19	1	2
19	8	1	2
8	20	1	2
20	8	1	2
9	10	1	2
10	9	1	2
9	11	1	2
11	9	1	2
9	12	1	2
12	9	1	2
9	13	1	2
13	9	1	2
9	14	1	2
14	9	1	2
9	15	1	2
15	9	1	2
9	16	1	2
16	9	1	2
9	17	1	2
17	9	1	2
9	18	1	2
18	9	1	2
9	19	1	2
19	9	1	2
9	20	1	2
20	9	1	2
10	11	1	2
11	10	1	2
10	12	1	2
12	10	1	2
10	13	1	2
13	10	1	2
10	14	1	2
14	10	1	2
10	15	1	2
15	10	1	2
10	16	1	2
16	10	1	2
10	17	1	2
17	10	1	2
10	18	1	2
18	10	1	2
10	19	1	2
19	10	1	2
10	20	1	2
20	10	1	2
11	12	1	2
12	11	1	2
11	13	1	2
13	11	1	2
11	14	1	2
14	11	1	2
11	15	1	2
15	11	1	2
11	16	1	2
16	11	1	2
11	17	1	2
17	11	1	2
11	18	1	2
18	11	1	2
11	19	1	2
19	11	1	2
11	20	1	2
20	11	1	2
12	13	1	2
13	12	1	2
12	14	1	2
14	12	1	2
12	15	1	2
15	12	1	2
12	16	1	2
16	12	1	2
12	17	1	2
17	12	1	2
12	18	1	2
18	12	1	2
12	19	1	2
19	12	1	2
12	20	1	2
20	12	1	2
13	14	1	2
14	13	1	2
13	15	1	2
15	13	1	2
13	16	1	2
16	13	1	2
13	17	1	2
17	13	1	2
13	18	1	2
18	13	1	2
13	19	1	2
19	13	1	2
13	20	1	2
20	13	1	2
14	15	1	2
15	14	1	2
14	16	1	2
16	14	1	2
14	17	1	2
17	14	1	2
14	18	1	2
18	14	1	2
14	19	1	2
19	14	1	2
14	20	1	2
20	14	1	2
15	16	1	2
16	15	1	2
15	17	1	2
17	15	1	2
15	18	1	2
18	15	1	2
15	19	1	2
19	15	1	2
15	20	1	2
20	15	1	2
16	17	1	2
17	16	1	2
16	18	1	2
18	16	1	2
16	19	1	2
19	16	1	2
16	20	1	2
20	16	1	2
17	18	1	2
18	17	1	2
17	19	1	2
19	17	1	2
17	20	1	2
20	17	1	2
18	19	1	2
19	18	1	2
18	20	1	2
20	18	1	2
19	20	1	2
20	19	1	2
40	21	1	2
21	40	1	2
40	22	1	2
22	40	1	2
40	23	1	2
23	40	1	2
40	24	1	2
24	40	1	2
40	25	1	2
25	40	1	2
40	26	1	2
26	40	1	2
40	27	1	2
27	40	1	2
40	28	1	2
28	40	1	2
40	29	1	2
29	40	1	2
40	30	1	2
30	40	1	2
40	31	1	2
31	40	1	2
40	32	1	2
32	40	1	2
40	33	1	2
33	40	1	2
40	34	1	2
34	40	1	2
40	35	1	2
35	40	1	2
40	36	1	2
36	40	1	2
40	37	1	2
37	40	1	2
40	38	1	2
38	40	1	2
40	39	1	2
39	40	1	2
20	40	1	2
40	20	1	2
